0200000000000000
02000f0000000000
0200000000000000
0200040000000000
0200000000000000
00001f0000000000
0000270000000000
00001f0000000000
00001f0000000000
2000000000000000
20002f0000000000
2000000000000000
0000050000000000
0000080000000000
0000081a00000000
00001a0000000000
00001a0400000000
0000040000000000
0000150000000000
0000150800000000
0000080000000000
2000000000000000
20002d0000000000
0000120000000000
0000090000000000
2000000000000000
20002d0000000000
2000000000000000
00000e0000000000
0000080000000000
00001c0000000000
00000f0000000000
0000120000000000
00000a0000000000
00000a0000000000
0000080000000000
0000081500000000
0000150000000000
2000000000000000
2000300000000000
0000300000000000
